0,-1,0
1,-0.7675,0
2,-0.60375,0
3,-0.44875,0
4,-0.35625,0
5,-0.24875,0
6,-0.1975,0
7,-0.17875,0
8,-0.1325,0
9,-0.14,0
0,-0.14375,0
1,-0.15125,0
2,-0.14375,0
3,-0.11625,0
4,-0.10125,0
5,-0.0925,0
6,-0.06875,0
7,-0.055,0
8,-0.04625,0
9,-0.10125,0
0,-0.09875,0
1,-0.065,0
2,-0.07875,0
3,-0.08875,0
4,0.00375,0
5,-0.02625,0
6,-0.08625,0
7,-0.0975,0
8,-0.11,0
9,-0.06125,0
0,-0.0825,0
1,-0.07,0
2,-0.035,0
3,-0.04,0
4,-0.0575,0
5,0.015,0
6,0.00375,0
7,-0.01875,0
8,-0.04125,0
9,-0.07375,0
0,-0.05875,0
1,0.03,0
0,-1,0
1,-0.7675,0
2,-0.60375,0
3,-0.44875,0
4,-0.35625,0
5,-0.24875,0
6,-0.1975,0
7,-0.17875,0
8,-0.1325,0
9,-0.14,0
0,-0.14375,0
1,-0.15125,0
2,-0.14375,0
3,-0.11625,0
4,-0.10125,0
5,-0.0925,0
6,-0.06875,0
7,-0.055,0
8,-0.04625,0
9,-0.10125,0
0,-0.09875,0
1,-0.065,0
2,-0.07875,0
3,-0.08875,0
4,0.00375,0
5,-0.02625,0
6,-0.08625,0
7,-0.0975,0
8,-0.11,0
9,-0.06125,0
0,-1,0
1,-0.7675,0
2,-0.60375,0
3,-0.44875,0
4,-0.35625,0
5,-0.24875,0
6,-0.1975,0
7,-0.17875,0
8,-0.1325,0
9,-0.14,0
0,-0.14375,0
1,-0.15125,0
2,-0.14375,0
3,-0.11625,0
4,-0.10125,0
5,-0.0925,0
6,-0.06875,0
7,-0.055,0
8,-0.04625,0
9,-0.10125,0
0,-0.09875,0
1,-0.065,0
2,-0.07875,0
3,-0.08875,0
4,0.00375,0
5,-0.02625,0
6,-0.08625,0
7,-0.0975,0
8,-0.11,0
9,-0.06125,0
0,-0.0825,0
1,-0.07,0
0,-1,0
1,-0.7675,0
2,-0.60375,0
3,-0.44875,0
4,-0.35625,0
5,-0.24875,0
6,-0.1975,0
7,-0.17875,0
8,-0.1325,0
9,-0.14,0
0,-0.14375,0
1,-0.15125,0
2,-0.14375,0
3,-0.11625,0
4,-0.10125,0
5,-0.0925,0
6,-0.06875,0
7,-0.055,0
8,-0.04625,0
9,-0.10125,0
0,-0.09875,0
1,-0.065,0
2,-0.07875,0
3,-0.08875,0
4,0.00375,0
0,-1,0
1,-0.7675,0
2,-0.60375,0
3,-0.44875,0
4,-0.35625,0
5,-0.24875,0
6,-0.1975,0
7,-0.17875,0
8,-0.1325,0
9,-0.14,0
0,-0.14375,0
1,-0.15125,0
2,-0.14375,0
3,-0.11625,0
4,-0.10125,0
5,-0.0925,0
6,-0.06875,0
7,-0.055,0
8,-0.04625,0
9,-0.10125,0
0,-0.09875,0
1,-0.065,0
2,-0.07875,0
3,-0.08875,0
4,0.00375,0
5,-0.02625,0
6,-0.08625,0
7,-0.0975,0
8,-0.11,0
0,-1,0
1,-0.7675,0
2,-0.60375,0
3,-0.44875,0
4,-0.35625,0
5,-0.24875,0
6,-0.1975,0
7,-0.17875,0
8,-0.1325,0
9,-0.14,0
0,-0.14375,0
1,-0.15125,0
2,-0.14375,0
3,-0.11625,0
4,-0.10125,0
5,-0.0925,0
6,-0.06875,0
7,-0.055,0
8,-0.04625,0
9,-0.10125,0
0,-0.09875,0
1,-0.065,0
2,-0.07875,0
3,-0.08875,0
4,0.00375,0
0,-1,0
1,-0.7675,0
2,-0.60375,0
3,-0.44875,0
4,-0.35625,0
5,-0.24875,0
6,-0.1975,0
7,-0.17875,0
8,-0.1325,0
9,-0.14,0
0,-0.14375,1
1,-0.15125,1
2,-0.14375,1
3,-0.11625,1
4,-0.10125,1
5,-0.0925,1
6,-0.06875,1
7,-0.055,1
8,-0.04625,1
9,-0.10125,1
0,-0.09875,2
1,-0.065,2
2,-0.07875,2
3,-0.08875,2
4,0.00375,2
5,-0.02625,2
6,-0.08625,2
7,-0.0975,2
8,-0.11,2
9,-0.06125,2
0,-0.0825,3
1,-0.07,3
2,-0.035,3
3,-0.04,3
4,-0.0575,3
5,0.015,3
6,0.00375,3
7,-0.01875,3
8,-0.04125,3
9,-0.07375,3
0,-0.05875,4
1,0.03,4
2,-0.02125,4
3,-0.0775,4
4,-0.06375,4
5,-0.005,4
6,0.01,4
7,0.0375,4
8,0.0575,4
0,-1,0
1,-0.7675,0
2,-0.60375,0
3,-0.44875,0
4,-0.35625,0
5,-0.24875,0
6,-0.1975,0
7,-0.17875,0
8,-0.1325,0
9,-0.14,0
0,-0.14375,1
1,-0.15125,1
2,-0.14375,1
3,-0.11625,1
4,-0.10125,1
